20
0 69 860 994 530 358 719 153 923 512 486 32 485 612 976 751 1062 193 153 199
69 0 791 932 461 290 700 197 857 464 470 96 490 548 916 683 1007 128 185 219
860 791 0 309 343 501 832 927 402 528 779 881 924 445 362 111 500 691 895 933
994 932 309 0 564 657 710 1017 706 529 749 1008 898 728 76 338 198 864 982 1115
530 461 343 564 0 186 742 620 447 383 599 555 717 226 579 246 705 351 592 589
358 290 501 657 186 0 632 435 626 291 452 380 552 355 651 392 758 207 406 458
719 700 832 710 742 632 0 629 1156 359 233 709 304 963 644 749 629 740 602 915
153 197 927 1017 620 435 629 0 1041 499 399 124 360 737 988 816 1056 322 35 334
923 857 402 706 447 626 1156 1041 0 807 1041 953 1164 315 763 430 901 731 1017 909
512 464 528 529 383 291 359 499 807 0 251 517 396 605 492 428 558 450 464 677
486 470 779 749 599 452 233 399 1041 251 0 476 150 804 698 678 728 522 371 683
32 96 881 1008 555 380 709 124 953 517 476 0 465 642 987 772 1070 222 128 218
485 490 924 898 717 552 304 360 1164 396 150 465 0 907 846 820 870 573 341 683
612 548 445 728 226 355 963 737 315 605 804 642 907 0 759 390 894 420 716 596
976 916 362 76 579 651 644 988 763 492 698 987 846 759 0 372 139 857 953 1107
751 683 111 338 246 392 749 816 430 428 678 772 820 390 372 0 509 587 784 832
1062 1007 500 198 705 758 629 1056 901 558 728 1070 870 894 139 509 0 960 1022 1207
193 128 691 864 351 207 740 322 731 450 522 222 573 420 857 587 960 0 306 251
153 185 895 982 592 406 602 35 1017 464 371 128 341 716 953 784 1022 306 0 344
199 219 933 1115 589 458 915 334 909 677 683 218 683 596 1107 832 1207 251 344 0
