100
0 855 568 879 415 339 758 1002 410 572 598 205 690 372 810 684 860 681 295 516 219 877 316 1005 802 210 369 344 765 827 664 227 511 506 558 851 769 421 400 271 555 951 435 437 801 599 267 308 340 788 643 892 272 622 666 204 594 827 790 1011 507 467 944 219 801 645 309 563 709 440 756 220 91 778 247 151 584 570 677 782 716 532 696 624 536 719 324 808 203 100 840 115 562 546 869 566 157 580 624 303
855 0 855 608 834 583 583 663 1028 438 534 861 729 908 91 487 16 254 639 865 880 45 1060 664 368 826 810 689 90 432 651 892 888 528 792 275 167 1019 958 774 569 583 911 680 202 604 706 822 850 189 276 523 598 540 684 674 343 237 362 689 639 531 200 984 717 340 855 602 579 1045 270 644 794 194 653 787 275 317 335 471 745 432 214 474 540 242 960 112 654 954 86 948 322 467 232 598 938 579 344 894
568 855 0 476 154 385 377 581 312 862 948 759 209 231 870 402 868 601 368 59 778 848 450 584 569 359 199 802 792 545 252 788 80 857 64 672 880 292 245 301 929 571 977 884 934 261 735 261 876 687 814 545 613 328 225 619 516 679 1017 577 219 344 1032 458 325 516 267 955 342 305 611 590 487 679 413 422 632 561 900 479 221 813 828 389 316 879 322 883 512 622 790 541 738 390 1005 956 723 280 511 292
879 608 476 0 570 552 121 123 776 857 966 1013 268 669 669 213 624 414 586 523 1035 578 890 126 241 714 586 953 593 177 238 1047 550 903 427 338 719 757 701 638 973 95 1179 1002 774 284 916 641 1084 422 729 98 764 259 256 815 406 372 913 133 380 421 808 865 168 353 665 1007 171 775 349 775 788 420 638 737 541 475 826 151 261 818 705 276 345 760 758 690 720 966 523 907 693 360 827 1006 1027 299 370 705
415 834 154 570 0 289 456 686 214 766 842 610 321 99 832 441 845 587 254 101 627 835 321 689 605 205 49 670 759 597 332 637 100 748 161 696 829 199 138 154 817 661 831 756 879 303 599 107 731 687 744 621 490 361 317 484 492 693 942 687 218 303 993 312 443 510 113 840 411 222 620 459 336 677 288 272 581 521 821 534 342 716 769 406 311 815 188 842 381 468 780 388 662 374 952 841 570 307 499 144
339 583 385 552 289 0 434 673 453 480 563 462 412 339 565 348 592 365 56 362 484 594 477 676 464 244 251 438 500 488 363 496 375 472 341 521 551 447 390 191 544 617 645 511 599 288 384 245 546 474 457 555 241 293 375 272 270 503 653 685 216 131 721 407 503 314 277 571 386 473 429 234 253 464 92 220 312 268 532 444 439 430 487 287 207 530 379 571 170 435 547 397 374 207 672 571 478 262 295 313
758 583 377 121 456 434 0 244 666 773 881 896 179 555 630 117 599 355 466 419 917 560 774 247 227 593 469 845 550 182 127 930 446 811 322 337 669 648 590 516 882 205 1068 900 726 163 804 522 972 394 660 168 653 140 153 700 323 360 853 253 259 304 781 746 134 279 547 916 49 667 314 660 667 389 518 615 464 392 757 120 184 732 645 172 227 700 642 650 603 844 502 785 613 252 786 915 907 178 292 587
1002 663 581 123 686 673 244 0 888 955 1065 1134 373 785 734 330 679 502 709 632 1156 628 1007 3 314 836 705 1067 663 249 356 1168 658 1008 537 388 791 868 814 759 1075 81 1296 1113 844 407 1033 761 1202 487 818 150 881 381 370 934 511 429 991 26 502 542 860 986 258 454 784 1110 294 884 425 894 911 488 760 860 638 577 913 251 361 919 787 394 468 840 874 756 841 1089 578 1029 790 478 891 1108 1149 422 473 823
410 1028 312 776 214 453 666 888 0 895 953 614 515 122 1017 655 1039 790 403 257 626 1033 155 891 819 245 222 734 949 812 540 632 233 857 351 908 1004 21 77 265 919 868 843 827 1051 517 657 208 750 893 904 832 590 575 520 557 692 903 1092 886 432 503 1174 212 635 716 177 935 623 30 829 546 369 883 412 320 764 711 971 748 531 847 939 620 523 979 90 1024 477 416 981 327 819 581 1124 938 538 521 703 144
572 438 862 857 766 480 773 955 895 0 111 492 838 797 354 657 432 456 512 842 506 479 861 956 647 651 723 288 365 708 768 516 855 96 812 614 283 895 846 638 133 877 483 251 283 693 336 700 439 508 164 806 312 658 793 369 452 572 220 976 664 535 425 766 890 504 726 168 741 921 542 362 553 502 487 582 317 383 125 708 863 49 224 604 598 207 808 339 420 655 480 686 165 537 333 164 594 661 487 752
598 534 948 966 842 563 881 1065 953 111 0 481 938 863 446 764 527 567 588 923 491 577 902 1067 758 707 797 271 468 818 870 499 935 96 901 724 371 955 910 705 52 988 422 203 359 794 338 767 399 617 268 917 363 762 894 403 561 681 249 1086 758 632 490 805 995 614 791 74 847 980 653 407 595 611 556 634 427 492 201 818 964 149 323 711 698 294 864 429 476 670 583 713 275 640 393 69 590 762 596 812
205 861 759 1013 610 462 896 1134 614 492 481 0 857 575 798 805 862 740 436 711 22 892 507 1136 894 409 562 210 772 931 819 35 708 405 741 920 742 625 605 458 431 1074 230 287 761 747 159 504 139 839 608 1009 277 755 826 207 670 889 710 1146 664 592 907 413 959 728 510 427 848 644 826 246 273 830 382 338 616 627 613 896 884 466 670 742 669 677 529 791 293 222 867 297 542 658 820 432 113 723 706 507
690 729 209 268 321 412 179 373 515 838 938 857 0 417 762 243 743 482 423 259 877 712 641 376 396 497 348 849 681 359 78 889 285 857 165 505 788 496 443 424 930 363 1054 918 845 145 795 410 954 545 752 342 652 194 47 682 418 522 955 370 196 309 920 631 122 395 428 961 158 511 464 645 600 539 477 540 555 480 847 295 27 792 751 260 240 805 509 779 575 763 653 692 690 305 911 960 845 177 399 464
372 908 231 669 99 339 555 785 122 797 863 575 417 0 899 537 919 668 292 172 591 912 223 788 698 170 100 665 830 694 431 599 156 768 253 786 889 111 51 160 833 760 803 755 937 401 590 98 705 771 794 720 502 457 415 482 571 781 986 785 313 382 1058 228 539 594 73 853 510 137 707 464 308 761 311 248 646 591 865 632 436 749 825 499 401 868 92 907 389 407 859 321 710 459 1011 855 519 403 581 70
810 91 870 669 832 565 630 734 1017 354 446 798 762 899 0 525 81 281 618 873 816 136 1035 735 428 802 804 617 81 494 683 828 895 447 808 347 76 1009 950 756 483 653 833 601 114 629 640 809 777 248 196 589 545 569 716 620 354 306 273 759 651 533 162 954 764 367 841 516 619 1035 321 594 756 249 625 756 253 312 246 525 780 353 133 502 555 153 944 23 613 907 163 909 257 480 158 512 882 601 365 878
684 487 402 213 441 348 117 330 655 657 764 805 243 537 525 0 502 246 389 430 827 469 744 333 168 541 441 739 445 158 166 840 457 696 339 271 559 639 578 466 767 270 966 790 616 143 703 484 872 302 544 208 551 80 200 604 206 282 739 345 224 217 681 702 243 165 513 801 94 661 221 564 595 296 438 550 347 275 641 100 258 616 531 63 151 586 616 544 513 776 410 725 496 148 679 800 826 134 176 556
860 16 868 624 845 592 599 679 1039 432 527 862 743 919 81 502 0 267 647 877 881 58 1068 679 384 834 821 688 95 448 665 893 901 524 805 291 157 1030 969 783 563 599 908 677 190 618 706 832 849 205 271 539 601 555 699 677 355 253 349 705 652 543 184 991 733 354 864 596 594 1055 285 648 800 209 660 794 283 327 327 487 760 428 209 488 553 234 970 101 659 959 102 954 322 480 217 592 941 593 357 904
681 254 601 414 587 365 355 502 790 456 567 740 482 668 281 246 267 0 421 612 762 248 838 503 191 608 568 616 200 253 403 775 636 518 538 181 314 779 717 546 581 423 851 642 371 351 605 589 770 109 317 352 464 289 436 535 98 149 501 524 386 286 439 772 487 87 621 617 340 804 91 498 605 99 449 584 144 114 413 263 500 424 292 222 287 347 728 298 480 781 192 757 292 215 433 614 794 325 91 662
295 639 368 586 254 56 466 709 403 512 588 436 423 292 618 389 647 421 0 336 458 650 421 711 514 188 211 438 555 535 383 470 347 495 331 575 602 398 343 139 565 656 632 517 648 311 376 196 531 530 502 597 246 328 391 261 325 558 695 718 228 173 773 351 523 368 226 590 417 424 484 227 206 520 55 167 367 324 574 487 450 463 536 330 241 577 326 624 153 387 603 345 418 254 721 591 441 289 349 261
516 865 59 523 101 362 419 632 257 842 923 711 259 172 873 430 877 612 336 0 728 861 391 635 598 306 149 764 797 579 292 738 27 831 97 697 878 237 187 254 901 617 931 848 931 287 695 208 830 704 804 587 579 352 268 580 522 701 1006 629 226 341 1035 399 379 529 211 926 380 252 631 552 437 695 377 373 629 562 887 514 274 792 823 409 326 872 263 885 474 567 803 484 726 398 1003 927 670 301 522 234
219 880 778 1035 627 484 917 1156 626 506 491 22 877 591 816 827 881 762 458 728 0 911 515 1158 916 426 580 221 792 953 840 13 725 418 761 941 760 638 620 476 440 1096 218 294 777 768 176 521 133 860 626 1031 298 777 847 228 692 910 723 1168 685 614 923 423 980 750 526 435 870 656 848 268 291 851 403 356 637 648 628 918 904 481 687 764 690 694 542 809 315 227 887 306 560 680 835 440 111 744 727 522
877 45 848 578 835 594 560 628 1033 479 577 892 712 912 136 469 58 248 650 861 911 0 1071 628 340 838 814 725 121 402 635 924 885 569 784 241 212 1023 962 783 611 548 949 719 247 593 739 829 886 167 316 490 625 528 669 701 343 206 407 653 634 532 232 998 694 332 861 645 560 1049 249 670 813 174 667 803 293 326 379 445 727 471 255 462 535 286 968 157 675 977 60 967 357 463 274 641 966 569 339 902
316 1060 450 890 321 477 774 1007 155 861 902 507 641 223 1035 744 1068 838 421 391 515 1071 0 1010 898 234 305 659 975 901 652 519 370 808 477 977 1011 175 205 292 863 979 732 752 1053 615 581 260 646 946 898 935 549 666 637 499 740 966 1071 1007 522 561 1186 98 762 775 230 874 727 179 891 499 308 936 410 285 786 745 952 842 659 816 941 699 599 975 132 1039 444 291 1023 210 813 645 1124 877 416 612 759 188
1005 664 584 126 689 676 247 3 891 956 1067 1136 376 788 735 333 679 503 711 635 1158 628 1010 0 315 839 708 1069 664 251 359 1171 661 1009 540 388 792 871 817 762 1077 82 1298 1115 845 409 1036 764 1205 488 819 151 883 384 373 937 512 429 992 27 505 545 860 988 261 455 787 1112 296 887 426 896 914 488 763 862 639 579 915 253 363 921 788 396 470 841 877 757 844 1091 578 1032 792 480 891 1110 1152 425 475 826
802 368 569 241 605 464 227 314 819 647 758 894 396 698 428 168 384 191 514 598 916 340 898 315 0 684 601 792 353 66 326 928 624 707 507 110 480 804 742 612 772 233 1026 826 534 310 771 639 939 181 505 165 623 246 359 687 226 135 678 337 386 345 568 849 358 167 669 807 238 826 111 648 717 179 556 681 333 284 600 107 406 614 474 200 300 527 775 450 613 899 283 858 483 260 586 805 932 300 189 712
210 826 359 714 205 244 593 836 245 651 707 409 497 170 802 541 834 608 188 306 426 838 234 839 684 0 160 497 741 696 484 435 301 611 354 755 780 248 209 77 674 796 635 588 823 430 421 98 536 716 671 743 345 468 480 315 511 740 852 841 334 340 954 166 614 549 101 691 544 272 666 301 138 706 178 78 552 512 732 641 522 604 711 489 391 747 157 806 232 268 791 195 585 425 895 694 365 418 532 107
369 810 199 586 49 251 469 705 222 723 797 562 348 100 804 441 821 568 211 149 580 814 305 708 601 160 0 621 733 599 349 589 149 702 196 687 797 210 148 106 771 674 782 707 847 310 550 64 682 671 707 630 443 362 338 436 471 682 904 707 218 282 964 283 469 495 80 793 422 235 607 411 289 661 242 224 552 494 783 538 371 674 735 401 303 780 175 813 333 426 760 348 625 360 920 795 524 308 482 119
344 689 802 953 670 438 845 1067 734 288 271 210 849 665 617 739 688 616 438 764 221 725 659 1069 792 497 621 0 604 840 796 230 769 197 768 795 554 741 706 517 222 999 235 93 565 719 78 576 161 702 421 929 198 708 811 185 567 759 502 1084 654 550 710 561 934 627 593 223 802 763 707 212 366 693 389 419 477 509 411 818 877 269 485 677 627 484 645 607 290 404 709 458 368 594 620 227 319 689 605 604
765 90 792 593 759 500 550 663 949 365 468 772 681 830 81 445 95 200 555 797 792 121 975 664 353 741 733 604 0 419 603 804 819 452 730 281 128 941 881 691 498 582 829 600 181 549 618 742 765 176 201 516 508 489 636 584 276 238 331 688 574 458 241 897 684 286 774 533 539 967 244 554 705 176 566 700 189 239 277 447 700 354 146 422 476 188 878 99 564 864 115 859 236 402 236 529 848 521 285 813
827 432 545 177 597 488 182 249 812 708 818 931 359 694 494 158 448 253 535 579 953 402 901 251 66 696 599 840 419 0 295 966 606 764 485 164 546 795 735 622 830 170 1073 878 600 295 815 642 984 246 569 100 665 237 326 726 274 196 744 272 381 362 631 858 305 214 671 866 204 817 177 686 740 245 580 699 392 336 664 66 365 673 539 207 305 592 774 515 645 922 346 877 543 281 652 863 963 291 236 713
664 651 252 238 332 363 127 356 540 768 870 819 78 431 683 166 665 403 383 292 840 635 652 359 326 484 349 796 603 295 0 852 319 791 195 433 710 521 464 408 864 329 1007 860 767 77 746 406 908 468 677 295 598 117 34 635 341 447 879 359 157 247 842 630 140 317 428 895 91 540 388 597 573 462 437 516 479 404 772 229 99 722 674 182 173 728 520 700 530 744 576 679 617 232 833 895 817 108 321 468
227 892 788 1047 637 496 930 1168 632 516 499 35 889 599 828 840 893 775 470 738 13 924 519 1171 928 435 589 230 804 966 852 0 735 427 771 954 771 644 627 486 448 1109 213 300 788 780 188 531 133 873 637 1044 311 790 859 241 705 923 732 1181 697 627 934 428 992 763 535 442 882 662 861 281 301 863 415 366 649 661 638 931 916 492 699 777 703 705 549 820 327 230 900 310 572 693 846 447 110 757 740 530
511 888 80 550 100 375 446 658 233 855 935 708 285 156 895 457 901 636 347 27 725 885 370 661 624 301 149 769 819 606 319 735 0 842 124 724 898 212 165 254 912 644 930 854 951 314 699 204 830 729 822 614 587 379 295 584 545 727 1023 655 251 362 1057 384 404 554 202 936 407 227 656 558 435 720 385 370 649 583 904 541 299 806 842 435 350 890 244 907 480 557 828 473 743 421 1023 937 664 327 546 221
506 528 857 903 748 472 811 1008 857 96 96 405 857 768 447 696 524 518 495 831 418 569 808 1009 707 611 702 197 452 764 791 427 842 0 812 686 377 859 814 609 73 932 388 155 379 715 254 671 344 582 253 861 267 687 814 309 498 645 305 1027 673 549 521 711 920 554 695 105 775 884 607 312 500 575 461 538 374 430 220 757 883 99 315 640 618 302 768 433 380 582 565 622 230 565 428 104 511 683 535 716
558 792 64 427 161 341 322 537 351 812 901 741 165 253 808 339 805 538 331 97 761 784 477 540 507 354 196 768 730 485 195 771 124 812 0 609 819 331 278 288 884 520 953 847 874 198 705 259 852 624 757 490 575 264 171 589 454 616 961 535 158 287 970 472 286 452 272 912 284 348 548 557 472 615 380 408 572 501 845 420 183 763 769 325 253 820 345 821 480 621 726 544 683 328 945 912 715 216 448 304
851 275 672 338 696 521 337 388 908 614 724 920 505 786 347 271 291 181 575 697 941 241 977 388 110 755 687 795 281 164 433 954 724 686 609 0 409 894 832 686 745 308 1030 817 459 411 785 719 950 108 460 249 644 345 467 714 257 43 612 414 479 416 473 920 466 207 751 780 348 917 95 676 771 113 610 742 320 293 549 217 516 589 417 290 385 466 858 370 653 950 190 918 456 332 503 777 970 397 227 793
769 167 880 719 829 551 669 791 1004 283 371 742 788 889 76 559 157 314 602 878 760 212 1011 792 480 780 797 554 128 546 710 771 898 377 819 409 0 998 940 740 410 710 764 532 57 650 583 796 713 304 134 644 500 594 742 574 372 366 203 816 661 537 175 926 801 396 827 441 654 1024 370 551 722 304 602 728 249 318 170 571 809 287 74 528 569 77 927 58 578 865 233 873 208 495 125 437 831 621 390 863
421 1019 292 757 199 447 648 868 21 895 955 625 496 111 1009 639 1030 779 398 237 638 1023 175 871 804 248 210 741 941 795 521 644 212 859 331 894 998 0 62 261 922 850 855 833 1046 500 664 202 760 881 900 814 592 559 501 562 681 890 1089 866 417 492 1168 227 615 704 172 939 605 26 816 549 375 871 410 324 757 702 968 732 511 847 933 605 509 975 97 1017 479 430 970 342 815 569 1119 942 552 505 692 143
400 958 245 701 138 390 590 814 77 846 910 605 443 51 950 578 969 717 343 187 620 962 205 817 742 209 148 706 881 735 464 627 165 814 278 832 940 62 0 208 879 793 834 797 988 440 630 147 738 819 845 756 548 498 445 524 620 828 1037 813 356 431 1109 232 564 642 120 898 546 87 754 508 344 809 360 287 697 642 915 672 460 798 876 543 447 919 87 958 434 425 909 336 761 507 1062 900 542 444 630 102
271 774 301 638 154 191 516 759 265 638 705 458 424 160 756 466 783 546 139 254 476 783 292 762 612 77 106 517 691 622 408 486 254 609 288 686 740 261 208 0 676 719 677 605 787 353 445 62 576 654 640 668 345 392 405 332 449 674 829 765 257 270 912 237 540 483 89 696 468 287 599 310 186 643 151 121 504 457 708 566 449 589 674 415 316 714 187 762 233 339 733 271 555 355 860 698 427 342 467 122
555 569 929 973 817 544 882 1075 919 133 52 431 930 833 483 767 563 581 565 901 440 611 863 1077 772 674 771 222 498 830 864 448 912 73 884 745 410 922 879 676 0 999 371 151 402 788 292 738 347 639 297 928 331 759 887 364 567 703 300 1096 746 622 537 765 992 622 760 35 847 946 669 373 557 633 529 599 439 498 242 826 956 157 356 711 691 332 829 467 445 623 613 670 290 638 440 33 541 756 603 780
951 583 571 95 661 617 205 81 868 877 988 1074 363 760 653 270 599 423 656 617 1096 548 979 82 233 796 674 999 582 170 329 1109 644 932 520 308 710 850 793 719 999 0 1229 1042 763 367 968 727 1137 406 738 71 816 331 349 872 437 348 910 106 463 486 780 950 261 379 752 1034 253 868 344 832 861 407 707 813 561 502 833 181 356 842 707 332 415 759 847 675 783 1041 497 986 712 416 810 1032 1095 377 399 793
435 911 977 1179 831 645 1068 1296 843 483 422 230 1054 803 833 966 908 851 632 931 218 949 732 1298 1026 635 782 235 829 1073 1007 213 930 388 953 1030 764 855 834 677 371 1229 0 233 766 932 264 727 101 935 637 1160 415 929 1019 373 800 993 671 1311 858 767 906 641 1147 860 736 350 1023 874 941 411 497 927 578 561 711 744 606 1048 1081 480 700 903 845 690 759 820 479 442 938 524 595 819 810 355 319 904 838 735
437 680 884 1002 756 511 900 1113 827 251 203 287 918 755 601 790 677 642 517 848 294 719 752 1115 826 588 707 93 600 878 860 300 854 155 847 817 532 833 797 605 151 1042 233 0 534 783 171 665 196 717 405 971 272 767 878 274 605 778 448 1131 725 613 675 654 996 664 682 142 860 856 733 296 458 710 471 510 498 542 374 862 946 248 468 729 689 457 737 588 375 493 711 550 369 649 580 146 399 753 643 695
801 202 934 774 879 599 726 844 1051 283 359 761 845 937 114 616 190 371 648 931 777 247 1053 845 534 823 847 565 181 600 767 788 951 379 874 459 57 1046 988 787 402 763 766 534 0 706 602 843 721 357 159 698 530 651 799 602 428 417 159 869 716 590 146 966 858 452 874 432 710 1072 425 582 759 357 645 769 302 373 161 626 865 297 112 585 624 84 972 92 615 895 277 907 242 550 73 427 854 677 446 909
599 604 261 284 303 288 163 407 517 693 794 747 145 401 629 143 618 351 311 287 768 593 615 409 310 430 310 719 549 295 77 780 314 715 198 411 650 500 440 353 788 367 932 783 706 0 669 360 833 429 608 320 522 67 100 559 278 418 811 413 96 170 789 584 216 264 386 819 114 521 351 521 508 421 365 454 412 337 703 231 170 647 609 131 96 663 485 645 457 683 534 622 545 161 774 818 750 32 264 428
267 706 735 916 599 384 804 1033 657 336 338 159 795 590 640 703 706 605 376 695 176 739 581 1036 771 421 550 78 618 815 746 188 699 254 705 785 583 664 630 445 292 968 264 171 602 669 0 503 169 697 450 899 152 665 759 116 544 751 555 1048 599 503 747 483 885 604 518 297 760 686 693 150 288 688 325 343 472 493 455 787 822 307 511 640 581 518 567 633 225 332 717 381 385 556 661 301 258 642 582 528
308 822 261 641 107 245 522 761 208 700 767 504 410 98 809 484 832 589 196 208 521 829 260 764 639 98 64 576 742 642 406 531 204 671 259 719 796 202 147 62 738 727 727 665 843 360 503 0 627 694 698 680 407 407 397 391 491 710 889 764 265 305 966 225 529 520 32 758 474 228 635 370 231 684 213 167 556 505 768 583 433 651 731 439 339 773 140 816 294 363 778 285 614 388 917 760 462 354 505 74
340 850 876 1084 731 546 972 1202 750 439 399 139 954 705 777 872 849 770 531 830 133 886 646 1205 939 536 682 161 765 984 908 133 830 344 852 950 713 760 738 576 347 1137 101 196 721 833 169 627 0 859 581 1069 321 832 920 274 713 915 644 1217 758 669 865 552 1048 773 637 334 926 780 859 312 398 850 477 461 633 660 564 957 981 426 645 809 747 641 664 766 379 360 870 436 529 725 772 339 242 806 751 637
788 189 687 422 687 474 394 487 893 508 617 839 545 771 248 302 205 109 530 704 860 167 946 488 181 716 671 702 176 246 468 873 729 582 624 108 304 881 819 654 639 406 935 717 357 429 697 694 859 0 351 342 563 363 502 636 205 65 506 512 478 390 388 880 529 177 726 674 392 905 81 599 714 10 557 692 226 218 440 282 560 484 309 299 379 358 834 270 586 888 108 865 352 312 406 671 897 407 189 768
643 276 814 729 744 457 660 818 904 164 268 608 752 794 196 544 271 317 502 804 626 316 898 819 505 671 707 421 201 569 677 637 822 253 757 460 134 900 845 640 297 738 637 405 159 608 450 698 581 351 0 668 371 561 706 444 340 417 204 841 601 470 302 810 785 381 728 331 635 926 396 423 601 347 494 614 198 273 97 578 775 157 64 500 518 77 823 185 458 736 316 749 86 448 228 328 698 577 368 761
892 523 545 98 621 555 168 150 832 806 917 1009 342 720 589 208 539 352 597 587 1031 490 935 151 165 743 630 929 516 100 295 1044 614 861 490 249 644 814 756 668 928 71 1160 971 698 320 899 680 1069 342 668 0 748 276 320 805 366 286 843 173 415 425 722 902 258 308 706 963 210 834 276 765 802 341 646 756 489 431 764 113 340 771 638 269 357 691 805 611 718 983 437 931 641 351 747 961 1033 326 328 748
272 598 613 764 490 241 653 881 590 312 363 277 652 502 545 551 601 464 246 579 298 625 549 883 623 345 443 198 508 665 598 311 587 267 575 644 500 592 548 345 331 816 415 272 530 522 152 407 321 563 371 748 0 514 614 76 397 612 524 896 457 354 673 455 737 456 429 351 609 617 551 52 241 553 202 272 341 351 408 636 679 267 426 488 432 447 501 541 114 365 595 380 292 404 597 353 341 493 434 450
622 540 328 259 361 293 140 381 575 658 762 755 194 457 569 80 555 289 328 352 777 528 666 384 246 468 362 708 489 237 117 790 379 687 264 345 594 559 498 392 759 331 929 767 651 67 665 407 832 363 561 276 514 0 148 560 224 352 762 392 144 164 728 627 233 202 435 791 94 581 285 520 531 356 379 482 363 288 657 176 215 613 557 67 87 612 538 585 463 710 469 656 503 121 717 791 768 54 205 477
666 684 225 256 317 375 153 370 520 793 894 826 47 415 716 200 699 436 391 268 847 669 637 373 359 480 338 811 636 326 34 859 295 814 171 467 742 501 445 405 887 349 1019 878 799 100 759 397 920 502 706 320 614 148 0 647 372 481 908 370 162 266 875 620 135 350 418 918 122 519 422 609 575 495 445 516 509 434 801 261 70 747 704 214 196 758 505 733 541 743 609 675 644 259 865 917 820 132 353 456
204 674 619 815 484 272 700 934 557 369 403 207 682 482 620 604 677 535 261 580 228 701 499 937 687 315 436 185 584 726 635 241 584 309 589 714 574 562 524 332 364 872 373 274 602 559 116 391 274 636 444 805 76 560 647 0 463 684 586 948 485 397 746 402 775 521 409 379 654 586 620 40 193 626 209 238 416 422 474 693 709 328 500 541 475 519 468 616 109 293 671 317 366 456 668 381 265 533 499 422
594 343 516 406 492 270 323 511 692 452 561 670 418 571 354 206 355 98 325 522 692 343 740 512 226 511 471 567 276 274 341 705 545 498 454 257 372 681 620 449 567 437 800 605 428 278 544 491 713 205 340 366 397 224 372 463 0 234 539 530 298 190 516 675 446 60 523 601 295 707 163 424 515 195 356 490 142 70 436 260 440 413 333 161 200 387 630 369 396 693 289 664 290 126 496 600 715 249 38 564
827 237 679 372 693 503 360 429 903 572 681 889 522 781 306 282 253 149 558 701 910 206 966 429 135 740 682 759 238 196 447 923 727 645 616 43 366 890 828 674 703 348 993 778 417 418 751 710 915 65 417 286 612 352 481 684 234 0 569 454 479 405 436 906 492 191 742 738 365 914 75 647 749 70 590 723 282 262 505 241 534 547 374 292 382 423 850 328 627 927 151 898 415 323 462 735 942 400 209 784
790 362 1017 913 942 653 853 991 1092 220 249 710 955 986 273 739 349 501 695 1006 723 407 1071 992 678 852 904 502 331 744 879 732 1023 305 961 612 203 1089 1037 829 300 910 671 448 159 811 555 889 644 506 204 843 524 762 908 586 539 569 0 1015 805 675 255 978 982 574 918 321 832 1116 567 576 765 504 679 788 399 475 121 763 977 258 209 700 722 154 1007 250 627 875 435 903 281 651 159 316 813 780 564 948
1011 689 577 133 687 685 253 26 886 976 1086 1146 370 785 759 345 705 524 718 629 1168 653 1007 27 337 841 707 1084 688 272 359 1181 655 1027 535 414 816 866 813 765 1096 106 1311 1131 869 413 1048 764 1217 512 841 173 896 392 370 948 530 454 1015 0 508 554 885 989 252 474 787 1130 302 881 448 908 920 512 771 867 659 597 936 270 356 940 811 408 478 864 875 781 853 1096 603 1035 811 492 916 1128 1159 431 493 825
507 639 219 380 218 216 259 502 432 664 758 664 196 313 651 224 652 386 228 226 685 634 522 505 386 334 218 654 574 381 157 697 251 673 158 479 661 417 356 257 746 463 858 725 716 96 599 265 758 478 601 415 457 144 162 485 298 479 805 508 0 131 813 488 296 303 292 775 211 440 407 449 416 469 283 360 414 343 690 320 224 616 612 189 100 663 393 664 379 589 577 527 529 172 787 775 660 90 296 334
467 531 344 421 303 131 304 542 503 535 632 592 309 382 533 217 543 286 173 341 614 532 561 545 345 340 282 550 458 362 247 627 362 549 287 416 537 492 431 270 622 486 767 613 590 170 503 305 669 390 470 425 354 164 266 397 190 405 675 554 131 0 695 505 384 215 337 652 257 517 330 357 379 380 221 337 288 221 559 315 335 487 484 157 78 534 445 544 299 560 478 515 398 85 662 652 609 140 200 379
944 200 1032 808 993 721 781 860 1174 425 490 907 920 1058 162 681 184 439 773 1035 923 232 1186 860 568 954 964 710 241 631 842 934 1057 521 970 473 175 1168 1109 912 537 780 906 675 146 789 747 966 865 388 302 722 673 728 875 746 516 436 255 885 813 695 0 1101 915 526 998 564 774 1194 467 724 898 392 776 903 412 474 301 670 938 442 248 661 717 229 1099 151 753 1038 285 1048 382 642 98 559 999 762 525 1034
219 984 458 865 312 407 746 986 212 766 805 413 631 228 954 702 991 772 351 399 423 998 98 988 849 166 283 561 897 858 630 428 384 711 472 920 926 227 232 237 765 950 641 654 966 584 483 225 552 880 810 902 455 627 620 402 675 906 978 989 488 505 1101 0 751 715 203 776 698 241 831 404 213 870 331 198 709 673 860 802 652 722 855 652 553 887 145 957 353 205 952 118 725 591 1037 779 329 576 697 168
801 717 325 168 443 503 134 258 635 890 995 959 122 539 764 243 733 487 523 379 980 694 762 261 358 614 469 934 684 305 140 992 404 920 286 466 801 615 564 540 992 261 1147 996 858 216 885 529 1048 529 785 258 737 233 135 775 446 492 982 252 296 384 915 751 0 408 548 1025 150 630 448 737 710 524 577 652 588 514 882 251 104 846 774 286 307 829 630 783 671 878 636 809 733 355 919 1024 955 244 418 585
645 340 516 353 510 314 279 454 716 504 614 728 395 594 367 165 354 87 368 529 750 332 775 455 167 549 495 627 286 214 317 763 554 554 452 207 396 704 642 483 622 379 860 664 452 264 604 520 773 177 381 308 456 202 350 521 60 191 574 474 303 215 526 715 408 0 552 657 259 729 116 482 564 168 403 534 188 124 478 204 414 466 366 135 203 421 660 384 451 744 274 711 340 135 517 655 770 239 22 594
309 855 267 665 113 277 547 784 177 726 791 510 428 73 841 513 864 621 226 211 526 861 230 787 669 101 80 593 774 671 428 535 202 695 272 751 827 172 120 89 760 752 736 682 874 386 518 32 637 726 728 706 429 435 418 409 523 742 918 787 292 337 998 203 548 552 0 780 499 198 667 390 239 716 240 177 588 537 797 611 450 678 762 469 369 803 108 848 316 356 810 274 643 419 947 782 461 382 537 43
563 602 955 1007 840 571 916 1110 935 168 74 427 961 853 516 801 596 617 590 926 435 645 874 1112 807 691 793 223 533 866 895 442 936 105 912 780 441 939 898 696 35 1034 350 142 432 819 297 758 334 674 331 963 351 791 918 379 601 738 321 1130 775 652 564 776 1025 657 780 0 880 963 705 390 571 668 551 615 474 533 272 860 987 193 389 744 722 364 846 499 464 627 647 678 325 670 467 5 539 787 638 798
709 579 342 171 411 386 49 294 623 741 847 848 158 510 619 94 594 340 417 380 870 560 727 296 238 544 422 802 539 204 91 882 407 775 284 348 654 605 546 468 847 253 1023 860 710 114 760 474 926 392 635 210 609 94 122 654 295 365 832 302 211 257 774 698 150 259 499 880 0 625 311 615 618 386 470 566 437 364 732 139 169 699 624 137 180 679 596 638 556 795 500 736 583 212 773 879 858 129 268 540
440 1045 305 775 222 473 667 884 30 921 980 644 511 137 1035 661 1055 804 424 252 656 1049 179 887 826 272 235 763 967 817 540 662 227 884 348 917 1024 26 87 287 946 868 874 856 1072 521 686 228 780 905 926 834 617 581 519 586 707 914 1116 881 440 517 1194 241 630 729 198 963 625 0 840 574 398 896 436 348 783 728 994 753 526 873 960 628 533 1001 119 1043 504 445 995 357 842 593 1145 966 568 527 717 169
756 270 611 349 620 429 314 425 829 542 653 826 464 707 321 221 285 91 484 631 848 249 891 426 111 666 607 707 244 177 388 861 656 607 548 95 370 816 754 599 669 344 941 733 425 351 693 635 859 81 396 276 551 285 422 620 163 75 567 448 407 330 467 831 448 116 667 705 311 840 0 582 677 76 517 650 235 200 490 204 479 512 363 222 309 415 775 342 558 856 189 826 379 248 479 702 875 331 135 709
220 644 590 775 459 234 660 894 546 362 407 246 645 464 594 564 648 498 227 552 268 670 499 896 648 301 411 212 554 686 597 281 558 312 557 676 551 549 508 310 373 832 411 296 582 521 150 370 312 599 423 765 52 520 609 40 424 647 576 908 449 357 724 404 737 482 390 390 615 574 582 0 191 590 177 226 382 384 461 653 672 319 477 501 435 499 457 591 78 314 638 328 343 416 650 392 298 494 460 408
91 794 487 788 336 253 667 911 369 553 595 273 600 308 756 595 800 605 206 437 291 813 308 914 717 138 289 366 705 740 573 301 435 500 472 771 722 375 344 186 557 861 497 458 759 508 288 231 398 714 601 802 241 531 575 193 515 749 765 920 416 379 898 213 710 564 239 571 618 398 677 191 0 704 162 65 520 498 648 693 626 509 650 535 446 678 279 757 144 182 773 154 517 459 829 574 246 489 544 242
778 194 679 420 677 464 389 488 883 502 611 830 539 761 249 296 209 99 520 695 851 174 936 488 179 706 661 693 176 245 462 863 720 575 615 113 304 871 809 643 633 407 927 710 357 421 688 684 850 10 347 341 553 356 495 626 195 70 504 512 469 380 392 870 524 168 716 668 386 896 76 590 704 0 547 682 217 208 437 278 554 478 306 291 370 356 824 271 576 878 114 855 345 303 407 665 887 399 179 758
247 653 413 638 288 92 518 760 412 487 556 382 477 311 625 438 660 449 55 377 403 667 410 763 556 178 242 389 566 580 437 415 385 461 380 610 602 410 360 151 529 707 578 471 645 365 325 213 477 557 494 646 202 379 445 209 356 590 679 771 283 221 776 331 577 403 240 551 470 436 517 177 162 547 0 136 377 345 558 535 504 438 533 377 293 570 329 629 100 343 623 309 408 299 717 553 389 343 383 269
151 787 422 737 272 220 615 860 320 582 634 338 540 248 756 550 794 584 167 373 356 803 285 862 681 78 224 419 700 699 516 366 370 538 408 742 728 324 287 121 599 813 561 510 769 454 343 167 461 692 614 756 272 482 516 238 490 723 788 867 360 337 903 198 652 534 177 615 566 348 650 226 65 682 136 0 512 481 668 649 565 536 657 493 399 691 231 759 162 229 759 178 528 421 840 618 307 438 515 185
584 275 632 541 581 312 464 638 764 317 427 616 555 646 253 347 283 144 367 629 637 293 786 639 333 552 552 477 189 392 479 649 649 374 572 320 249 757 697 504 439 561 711 498 302 412 472 556 633 226 198 489 341 363 509 416 142 282 399 659 414 288 412 709 588 188 588 474 437 783 235 382 520 217 377 512 0 75 295 391 578 282 198 302 325 251 691 261 381 684 257 674 153 253 374 472 680 381 172 626
570 317 561 475 521 268 392 577 711 383 492 627 480 591 312 275 327 114 324 562 648 326 745 579 284 512 494 509 239 336 404 661 583 430 501 293 318 702 642 457 498 502 744 542 373 337 493 505 660 218 273 431 351 288 434 422 70 262 475 597 343 221 474 673 514 124 537 533 364 728 200 384 498 208 345 481 75 0 369 327 503 343 272 228 251 326 643 323 368 670 279 650 221 178 444 531 680 307 105 577
677 335 900 826 821 532 757 913 971 125 201 613 847 865 246 641 327 413 574 887 628 379 952 915 600 732 783 411 277 664 772 638 904 220 845 549 170 968 915 708 242 833 606 374 161 703 455 768 564 440 97 764 408 657 801 474 436 505 121 936 690 559 301 860 882 478 797 272 732 994 490 461 648 437 558 668 295 369 0 675 870 149 132 597 611 93 887 228 508 765 391 788 162 542 208 268 712 671 465 827
782 471 479 151 534 444 120 251 748 708 818 896 295 632 525 100 487 263 487 514 918 445 842 253 107 641 538 818 447 66 229 931 541 757 420 217 571 732 672 566 826 181 1048 862 626 231 787 583 957 282 578 113 636 176 261 693 260 241 763 270 320 315 670 802 251 204 611 860 139 753 204 653 693 278 535 649 391 327 675 0 302 670 555 158 251 609 713 545 606 875 387 825 543 239 682 859 922 230 223 654
716 745 221 261 342 439 184 361 531 863 964 884 27 436 780 258 760 500 450 274 904 727 659 363 406 522 371 877 700 365 99 916 299 883 183 516 809 511 460 449 956 356 1081 946 865 170 822 433 981 560 775 340 679 215 70 709 440 534 977 356 224 335 938 652 104 414 450 987 169 526 479 672 626 554 504 565 578 503 870 302 0 817 773 280 266 827 528 798 602 788 668 716 714 329 931 987 871 202 419 485
532 432 813 818 716 430 732 919 847 49 149 466 792 749 353 616 428 424 463 792 481 471 816 921 614 604 674 269 354 673 722 492 806 99 763 589 287 847 798 589 157 842 480 248 297 647 307 651 426 484 157 771 267 613 747 328 413 547 258 940 616 487 442 722 846 466 678 193 699 873 512 319 509 478 438 536 282 343 149 670 817 0 221 562 551 215 761 341 374 618 466 645 133 492 354 190 563 615 448 704
696 214 828 705 769 487 645 787 939 224 323 670 751 825 133 531 209 292 536 823 687 255 941 788 474 711 735 485 146 539 674 699 842 315 769 417 74 933 876 674 356 707 700 468 112 609 511 731 645 309 64 638 426 557 704 500 333 374 209 811 612 484 248 855 774 366 762 389 624 960 363 477 650 306 533 657 198 272 132 555 773 221 0 493 523 55 860 122 505 791 261 799 134 450 185 386 757 579 356 796
624 474 389 276 406 287 172 394 620 604 711 742 260 499 502 63 488 222 330 409 764 462 699 396 200 489 401 677 422 207 182 777 435 640 325 290 528 605 543 415 711 332 903 729 585 131 640 439 809 299 500 269 488 67 214 541 161 292 700 408 189 157 661 652 286 135 469 744 137 628 222 501 535 291 377 493 302 228 597 158 280 562 493 0 100 548 574 519 450 717 403 669 447 84 651 743 764 109 139 512
536 540 316 345 311 207 227 468 523 598 698 669 240 401 555 151 553 287 241 326 690 535 599 470 300 391 303 627 476 305 173 703 350 618 253 385 569 509 447 316 691 415 845 689 624 96 581 339 747 379 518 357 432 87 196 475 200 382 722 478 100 78 717 553 307 203 369 722 180 533 309 435 446 370 293 399 325 251 611 251 266 551 523 100 0 576 475 569 376 626 477 575 452 75 694 722 682 65 196 412
719 242 879 760 815 530 700 840 979 207 294 677 805 868 153 586 234 347 577 872 694 286 975 841 527 747 780 484 188 592 728 705 890 302 820 466 77 975 919 714 332 759 690 457 84 663 518 773 641 358 77 691 447 612 758 519 387 423 154 864 663 534 229 887 829 421 803 364 679 1001 415 499 678 356 570 691 251 326 93 609 827 215 55 548 576 0 899 135 535 812 300 826 162 503 151 360 770 632 411 836
324 960 322 758 188 379 642 874 90 808 864 529 509 92 944 616 970 728 326 263 542 968 132 877 775 157 175 645 878 774 520 549 244 768 345 858 927 97 87 187 829 847 759 737 972 485 567 140 664 834 823 805 501 538 505 468 630 850 1007 875 393 445 1099 145 630 660 108 846 596 119 775 457 279 824 329 231 691 643 887 713 528 761 860 574 475 899 0 950 389 340 917 251 738 527 1045 848 459 484 645 66
808 112 883 690 842 571 650 756 1024 339 429 791 779 907 23 544 101 298 624 885 809 157 1039 757 450 806 813 607 99 515 700 820 907 433 821 370 58 1017 958 762 467 675 820 588 92 645 633 816 766 270 185 611 541 585 733 616 369 328 250 781 664 544 151 957 783 384 848 499 638 1043 342 591 757 271 629 759 261 323 228 545 798 341 122 519 569 135 950 0 613 905 186 909 251 494 137 495 876 616 381 885
203 654 512 720 381 170 603 841 477 420 476 293 575 389 613 513 659 480 153 474 315 675 444 844 613 232 333 290 564 645 530 327 480 380 480 653 578 479 434 233 445 783 479 375 615 457 225 294 379 586 458 718 114 463 541 109 396 627 627 853 379 299 753 353 671 451 316 464 556 504 558 78 144 576 100 162 381 368 508 606 602 374 505 450 376 535 389 613 0 303 637 296 373 367 685 466 319 431 429 336
100 954 622 966 468 435 844 1089 416 655 670 222 763 407 907 776 959 781 387 567 227 977 291 1091 899 268 426 404 864 922 744 230 557 582 621 950 865 430 425 339 623 1041 442 493 895 683 332 363 360 888 736 983 365 710 743 293 693 927 875 1096 589 560 1038 205 878 744 356 627 795 445 856 314 182 878 343 229 684 670 765 875 788 618 791 717 626 812 340 905 303 0 940 89 657 641 961 631 125 666 723 338
840 86 790 523 780 547 502 578 981 480 583 867 653 859 163 410 102 192 603 803 887 60 1023 578 283 791 760 709 115 346 576 900 828 565 726 190 233 970 909 733 613 497 938 711 277 534 717 778 870 108 316 437 595 469 609 671 289 151 435 603 577 478 285 952 636 274 810 647 500 995 189 638 773 114 623 759 257 279 391 387 668 466 261 403 477 300 917 186 637 940 0 926 343 407 315 644 936 511 282 851
115 948 541 907 388 397 785 1029 327 686 713 297 692 321 909 725 954 757 345 484 306 967 210 1032 858 195 348 458 859 877 679 310 473 622 544 918 873 342 336 271 670 986 524 550 907 622 381 285 436 865 749 931 380 656 675 317 664 898 903 1035 527 515 1048 118 809 711 274 678 736 357 826 328 154 855 309 178 674 650 788 825 716 645 799 669 575 826 251 909 296 89 926 0 666 598 976 681 211 609 691 252
562 322 738 693 662 374 613 790 819 165 275 542 690 710 257 496 322 292 418 726 560 357 813 792 483 585 625 368 236 543 617 572 743 230 683 456 208 815 761 555 290 712 595 369 242 545 385 614 529 352 86 641 292 503 644 366 290 415 281 811 529 398 382 725 733 340 643 325 583 842 379 343 517 345 408 528 153 221 162 543 714 133 134 447 452 162 738 251 373 657 343 666 0 385 312 323 625 513 324 676
546 467 390 360 374 207 252 478 581 537 640 658 305 459 480 148 480 215 254 398 680 463 645 480 260 425 360 594 402 281 232 693 421 565 328 332 495 569 507 355 638 416 819 649 550 161 556 388 725 312 448 351 404 121 259 456 126 323 651 492 172 85 642 591 355 135 419 670 212 593 248 416 459 303 299 421 253 178 542 239 329 492 450 84 75 503 527 494 367 641 407 598 385 0 620 669 683 129 125 462
869 232 1005 827 952 672 786 891 1124 333 393 820 911 1011 158 679 217 433 721 1003 835 274 1124 891 586 895 920 620 236 652 833 846 1023 428 945 503 125 1119 1062 860 440 810 810 580 73 774 661 917 772 406 228 747 597 717 865 668 496 462 159 916 787 662 98 1037 919 517 947 467 773 1145 479 650 829 407 717 840 374 444 208 682 931 354 185 651 694 151 1045 137 685 961 315 976 312 620 0 462 916 745 512 982
566 598 956 1006 841 571 915 1108 938 164 69 432 960 855 512 800 592 614 591 927 440 641 877 1110 805 694 795 227 529 863 895 447 937 104 912 777 437 942 900 698 33 1032 355 146 427 818 301 760 339 671 328 961 353 791 917 381 600 735 316 1128 775 652 559 779 1024 655 782 5 879 966 702 392 574 665 553 618 472 531 268 859 987 190 386 743 722 360 848 495 466 631 644 681 323 669 462 0 543 787 636 800
157 938 723 1027 570 478 907 1149 538 594 590 113 845 519 882 826 941 794 441 670 111 966 416 1152 932 365 524 319 848 963 817 110 664 511 715 970 831 552 542 427 541 1095 319 399 854 750 258 462 242 897 698 1033 341 768 820 265 715 942 813 1159 660 609 999 329 955 770 461 539 858 568 875 298 246 887 389 307 680 680 712 922 871 563 757 764 682 770 459 876 319 125 936 211 625 683 916 543 0 729 748 449
580 579 280 299 307 262 178 422 521 661 762 723 177 403 601 134 593 325 289 301 744 569 612 425 300 418 308 689 521 291 108 757 327 683 216 397 621 505 444 342 756 377 904 753 677 32 642 354 806 407 577 326 493 54 132 533 249 400 780 431 90 140 762 576 244 239 382 787 129 527 331 494 489 399 343 438 381 307 671 230 202 615 579 109 65 632 484 616 431 666 511 609 513 129 745 787 729 0 237 424
624 344 511 370 499 295 292 473 703 487 596 706 399 581 365 176 357 91 349 522 727 339 759 475 189 532 482 605 285 236 321 740 546 535 448 227 390 692 630 467 603 399 838 643 446 264 582 505 751 189 368 328 434 205 353 499 38 209 564 493 296 200 525 697 418 22 537 638 268 717 135 460 544 179 383 515 172 105 465 223 419 448 356 139 196 411 645 381 429 723 282 691 324 125 512 636 748 237 0 579
303 894 292 705 144 313 587 823 144 752 812 507 464 70 878 556 904 662 261 234 522 902 188 826 712 107 119 604 813 713 468 530 221 716 304 793 863 143 102 122 780 793 735 695 909 428 528 74 637 768 761 748 450 477 456 422 564 784 948 825 334 379 1034 168 585 594 43 798 540 169 709 408 242 758 269 185 626 577 827 654 485 704 796 512 412 836 66 885 336 338 851 252 676 462 982 800 449 424 579 0
